-27.33238327245232 -27.32028564646299 -25.6215806150334 
-27.110297187036544 -26.176040422205347 -33.29199111277378 
-20.67291095459492 -22.35409680646987 -21.18694214237666 
-26.591758323557052 -26.459710964788712 -26.466223276050133 
-21.15429238344351 -21.544398383795315 -20.674262722030907 
-22.825936788982297 -23.6703290485067 -23.48734805614079 
-17.703334764437486 -17.805831066925556 -18.312181838361468 
-18.16561565660909 -19.41217088431258 -17.421268571617272 
-20.703172094904772 -20.801901254423388 -20.108237790130573 
-20.826261744436177 -20.836040554737153 -26.268929533911965 
-19.358233699253113 -19.687176903290407 -19.375724786025565 
-20.687155218166943 -20.7651287288338 -21.282147316207812 
-19.50590689000127 -20.38268341560307 -18.112892732446976 
-23.500144464034282 -21.5796091664997 -22.801286662402333 
-19.287335776026175 -19.344226892954243 -21.841366728422877 
-20.474889424045056 -19.24112120582734 -19.288628740469544 
-17.494050539632575 -17.860906343253347 -25.35879869890524 
-17.52952936634603 -18.124580849163966 -23.418106181521846 
-17.80677507132255 -18.00614925496551 -17.997509146620104 
-17.748224202592656 -17.72137732853904 -17.047975060984577 
-16.34020839485267 -16.2994698747493 -15.314960313171786 
-16.36514363084504 -22.203701816003935 -17.386302807494182 
-16.3481352319115 -16.262852082250944 -16.786562314800438 
-16.068627358648136 -15.743378021036701 -16.81877516130359 
-15.295604479321891 -17.105075026959785 -19.01636777027366 
-14.519762602024274 -15.317512693297676 -20.756346824821993 
-14.64040260137694 -14.426199213491438 -18.33488765919022 
-15.172126679338987 -15.11827096258663 -14.175415240063312 
-13.03027068910281 -11.859027141075781 -10.840630900625158 
-13.174213988110694 -13.620760666755064 -14.521988878225901 
-13.643877191313626 -14.111729841853396 -14.340978007301922 
-13.352009699291042 -12.744357615669102 -17.10342656923411 
-10.925811156709758 -13.793855362335453 -14.366852013624902 
-10.818580689783417 -10.834055228694266 -10.85879770319369 
-11.150879616832349 -10.891716449260885 -12.425652361363104 
-11.594165140240365 -11.75451330874343 -11.231434585299308 
-8.920171332839068 -10.81283160201606 -15.222687682631221 
-9.324903735492967 -9.057792412218717 -9.161197433798442 
-13.048265840798866 -9.120891265439695 -11.591028970496946 
-9.652923620717056 -10.136441476164887 -8.554164965552303 
-5.802053464142624 -8.544006843171783 -14.980085645578164 
-6.739519216164521 -8.923128804611235 -9.061537876118498 
-8.688094232444843 -8.649842096331561 -10.908796427400873 
-8.047166250912241 -10.26073095601308 -6.481983783412451 
-3.0681459965256304 -5.864685728394157 -36.4084933358131 
-0.5384205200877216 -5.695548835714951 -5.485086812941804 
-5.48530907065685 -0.33341873086571217 9.185128458995433 
1.6350856860786211 -2.3861989382326145 -8.297328313343774 
-3.6396300568119493 2.723388515513079 36.103693898541465 
-2.6075255708352323 7.806410434825963 -31.89906162236235 
9.058584097449437 3.9021028986448587 30.637111282709622 
-5.198796608386209 5.067277943948856 -4.571674274517339 
54.90770637052422 20.1946077907355 4.60691549725566 
2.150852164267139 28.425483732034934 -19.548769976686103 
14.27837711907348 52.39749854294396 46.610647835777314 
101.64017205637057 57.772568924879934 235.39679261079044 
-19.650929269027205 -19.624069998399147 -18.819517857196768 
-17.76537672708606 -17.765479998130466 -18.359673496253226 
-17.928463279422118 -18.226172095173744 -20.95300503509516 
-20.032755832486146 -17.88494303447896 -22.667141200725766 
-15.054136417032115 -15.218461434680446 -12.421042764223506 
-14.144250068483375 -14.346084394575248 -14.355590130153196 
-17.245272934618736 -14.450258535934575 -29.607170713321533 
-14.526267053791441 -14.395803500619238 -19.075432202694987 
-10.278495850581265 -10.33626979734653 -9.25388048910297 
-11.50556822707502 -11.97890318790974 -12.186348747297952 
-11.43783166771826 -10.67526210866335 -13.52283033117746 
-10.563526142510026 -10.409180010948958 -16.612675458238403 
-20.463361593559217 -20.581745770888197 -29.308297774237175 
-21.039760941184024 -22.32341775566803 -21.548389072281775 
-20.28928182342587 -20.226702980035725 -23.36301144467717 
-20.845727811403464 -20.803002186323084 -20.798915859675724 
-12.640631916196885 -12.638383649449214 -12.934844008824777 
-10.136160647152325 -10.361177507687788 -10.595008706116761 
-12.67150942989223 -12.288517536483013 -12.664604257270511 
-11.625902105891054 -12.366856503705817 -10.027761463040287 
-9.242970999026525 -9.687682569049175 -13.000759191543185 
-8.36175938604611 -8.322063875511441 -9.274975955513085 
-8.468634940654567 -8.279156069288618 -8.999344203081554 
-8.374534046253498 -8.227455497038227 -7.629311862025064 
-6.664330960618749 -6.761375618237304 -13.077669741624181 
-6.664245587349203 -8.886131496296601 -7.612611319955278 
-6.663428783437598 -7.270344302179021 -8.902385434275327 
-7.333582964834412 -7.228241124532058 -6.14625250846713 
-1.9102193698220282 -2.348712558467292 4.350706987647136 
-2.414953995645464 -4.011661956660702 -7.970562044972316 
-4.73210721898223 -6.365836207064446 -14.926763326262707 
-3.9186451191568725 -2.2539993842493558 -11.450922853253173 
22.218688238814465 2.4146857368047794 22.304248360382626 
7.956238064189428 -8.244834458230052 -12.946373808766255 
-0.9080377024892824 -4.064962654331075 -8.919846530749668 
-25.969880219554938 8.561583782712507 3.636161128904823 
26.473792004802256 10.835619003450716 38.09677826164079 
5.685891626943095 11.992940673911816 -5.403167374487628 
7.63032669723852 66.4881923988939 13.141323630610945 
138.94903716838078 37.059558225901256 180.03790552666524 
